=== KẾT QUẢ TỐI ƯU HÓA LỘ TRÌNH (OR-TOOLS) ===
Tổng quãng đường: 721.66 km
Số lượng xe sử dụng: 160
Thời gian giới hạn: 10 giây
------------------------------
Lộ trình chi tiết:
Route #1: 661 259 233 1474 1337 514 877 593 826
Route #2: 1513 1441 994 1542 68 817 176 22 1165 1215
Route #3: 513 381 190 299 1060 56 1260 746 1435 1515
Route #4: 1263 1598 196 1511 380 842 405 1174 106 188
Route #5: 721 984 264 442 785 767 1005 573 433 696
Route #6: 729 535 1366 58 1292 980 1570 1373 138 1116
Route #7: 3 254 1532 1123 981 365 1314 1102 104 494
Route #8: 270 154 245 1221 871 441 1176 1136 1303 815
Route #9: 309 1160 491 974 690 599 892 1415 1426 1129
Route #10: 769 1066 644 282 1235 856 510 1322 742 939
Route #11: 597 256 48 886 293 988 1317 1191 1007 1530
Route #12: 1188 342 1397 57 226 423 252 174 67 1233
Route #13: 1313 1301 359 681 228 1272 300 979 399 1464
Route #14: 536 1400 448 1193 1487 1205 1510 165 957 929
Route #15: 304 396 1418 272 114 1472 1456 62 262 238
Route #16: 1124 229 1501 633 368 921 1175 935 1084 1566
Route #17: 504 553 1138 1278 183 326 192 1149 1069 1587
Route #18: 204 1569 642 937 571 250 311 125 1480 619
Route #19: 1121 1522 1383 629 662 1162 1150 417 1339 1145
Route #20: 69 1516 564 260 507 1358 324 1500 1442 617
Route #21: 668 707 667 918 1546 1455 740 483 161 677
Route #22: 1394 1582 1405 713 1096 825 1070 976 1061 163
Route #23: 936 134 401 302 107 947 1393 546 1091 487
Route #24: 1423 105 7 1028 657 647 692 363 1027 1553
Route #25: 1282 818 605 814 40 1477 1489 977 831 641
Route #26: 675 460 144 1466 1315 1043 500 998 1483 672
Route #27: 1367 529 130 1239 1306 1185 1590 391 561 47
Route #28: 331 538 27 949 348 1279 1325 1031 926 1284
Route #29: 164 341 866 543 202 337 315 854 122 1359
Route #30: 411 1184 445 1398 653 1360 807 1100 908 1596
Route #31: 139 81 1294 847 1293 1032 1024 1424 971 1380
Route #32: 117 213 367 1189 1048 1427 116 1340 1164 1021
Route #33: 420 735 328 98 307 741 1246 654 59 537
Route #34: 757 251 390 942 143 32 109 643 247 493
Route #35: 1291 704 195 38 321 211 776 1296 1166 1497
Route #36: 1038 477 376 336 600 945 452 1449 1099 9
Route #37: 160 146 50 791 899 679 171 1256 74 236
Route #38: 46 934 806 604 688 1378 790 481 519 532
Route #39: 778 1309 799 1265 1167 1390 1305 680 960 841
Route #40: 429 985 1295 306 552 181 862 26 428 384
Route #41: 1244 1597 788 1395 1113 589 413 1558 1355 734
Route #42: 498 1527 335 803 184 978 1525 19 173 1454
Route #43: 636 1578 1490 263 1107 1437 243 1019 1580 1139
Route #44: 1391 986 466 586 743 833 1399 1478 1351 1571
Route #45: 1199 159 1072 663 845 1208 1376 1090 142 932
Route #46: 352 386 437 1372 539 249 870 684 1196 167
Route #47: 1025 646 541 1363 224 44 517 1436 450 186
Route #48: 151 1216 634 796 747 241 1457 652 1033 738
Route #49: 37 1476 286 1229 1098 1087 678 480 763 1042
Route #50: 760 434 1018 1095 827 1058 1013 755 1252 533
Route #51: 1564 1387 1422 1567 349 267 1259 66 1286 393
Route #52: 1482 1079 1104 1207 651 1214 823 1548 1187 1257
Route #53: 575 108 360 168 141 547 1135 1481 731 1045
Route #54: 1141 1247 786 912 959 687 175 1555 1594 362
Route #55: 1086 618 1308 1349 75 223 318 76 783 421
Route #56: 635 811 570 133 962 288 883 750 64 1533
Route #57: 1026 1327 582 782 884 1318 383 525 1169 940
Route #58: 340 1075 758 772 625 631 639 879 554 708
Route #59: 502 989 88 894 1491 1258 100 212 505 12
Route #60: 846 361 864 298 925 867 880 1050 1537 1152
Route #61: 322 10 1369 722 1173 670 590 268 1118 96
Route #62: 41 1222 1302 1195 1287 1220 1429 281 1517 863
Route #63: 1083 1267 530 1266 761 344 179 1554 1275 898
Route #64: 193 1338 439 1484 1270 61 749 455 620 1204
Route #65: 893 479 485 120 215 1396 1552 476 1593 820
Route #66: 1586 403 580 1089 443 462 1112 1311 1384 621
Route #67: 127 333 14 623 968 756 1177 771 779 382
Route #68: 24 858 1040 567 220 720 469 93 296 378
Route #69: 910 1298 49 1588 1277 723 295 1249 357 701
Route #70: 997 255 339 1300 1077 1361 431 199 1334 1156
Route #71: 425 461 1347 131 222 316 1346 235 801 527
Route #72: 1444 726 1461 669 198 576 542 484 816 1324
Route #73: 640 1047 156 1419 548 822 197 1452 289 1408
Route #74: 301 497 683 1485 805 1105 1310 34 648 303
Route #75: 364 51 907 118 890 194 366 319 1234 953
Route #76: 453 1264 777 18 157 1122 1407 830 563 626
Route #77: 253 1202 924 1238 1071 1179 1261 1403 1236 440
Route #78: 578 559 1009 732 444 1450 710 463 1445 1213
Route #79: 275 905 1329 524 332 172 356 42 1402 1224
Route #80: 1157 1565 1000 1507 1362 896 408 33 149 1524
Route #81: 137 927 1020 693 1531 65 1126 5 1526 787
Route #82: 45 1573 784 990 933 1271 418 916 1599 673
Route #83: 584 1114 1082 147 549 1245 689 231 123 855
Route #84: 958 627 973 244 128 509 92 221 1147 265
Route #85: 774 770 30 1499 273 1544 1411 1001 665 1469
Route #86: 1514 11 819 577 1536 6 310 1451 1182 560
Route #87: 394 464 1508 1269 456 379 269 1016 875 1486
Route #88: 1414 956 1498 728 843 840 36 371 169 794
Route #89: 1344 995 1255 1242 612 1504 698 832 1577 1053
Route #90: 457 205 242 503 63 1509 4 1046 1206 60
Route #91: 1181 449 373 606 1014 1241 1473 424 320 1323
Route #92: 207 392 1161 1023 1115 1381 1108 1211 615 1248
Route #93: 1471 1262 1022 946 1343 1388 659 374 1212 290
Route #94: 955 1103 150 1470 849 216 1541 888 1592 271
Route #95: 585 1413 1320 804 112 23 700 308 574 1364
Route #96: 950 1568 1417 8 210 438 1274 724 1475 952
Route #97: 725 666 230 83 614 1243 1543 797 969 964
Route #98: 1223 427 39 1328 566 330 526 754 1488 1312
Route #99: 900 1035 338 1101 1335 468 595 136 1495 638
Route #100: 685 751 596 343 1319 876 775 1004 781 951
Route #101: 1201 474 148 828 101 21 1011 387 1037 1002
Route #102: 1285 1459 966 874 860 219 94 622 795 1493
Route #103: 436 77 1041 1158 187 1228 1421 1194 209 422
Route #104: 511 852 649 1512 1562 305 86 1148 941 1439
Route #105: 914 531 1354 72 388 588 967 608 454 1345
Route #106: 409 121 53 1178 113 274 1231 610 839 512
Route #107: 1458 119 473 1003 603 520 1496 1078 881 1479
Route #108: 327 1155 928 182 279 919 280 882 711 695
Route #109: 1012 1331 836 1080 1125 1065 730 55 739 508
Route #110: 1431 712 1273 1357 1547 515 1401 931 1467 1134
Route #111: 239 170 347 129 1029 1557 902 1017 266 16
Route #112: 540 17 277 329 812 1518 1209 1097 89 1494
Route #113: 506 1131 1137 703 1316 545 1030 1120 1146 583
Route #114: 153 993 80 727 397 869 961 140 868 1192
Route #115: 1433 706 482 419 885 492 1468 1404 813 447
Route #116: 579 1183 470 1198 895 591 1226 1094 792 569
Route #117: 1453 873 1572 660 284 1062 1128 29 1132 1589
Route #118: 568 800 478 555 43 115 824 1085 607 676
Route #119: 802 1054 1563 624 523 1539 70 717 909 1172
Route #120: 594 1410 697 1371 1503 1348 1232 753 587 395
Route #121: 351 551 1163 1034 694 1465 948 572 674 861
Route #122: 598 358 258 1039 616 1250 1333 1506 1197 609
Route #123: 145 1186 562 1307 920 1342 851 375 613 837
Route #124: 838 1051 490 752 297 737 923 400 1067 1336
Route #125: 1579 1280 714 1055 432 1297 1561 715 637 467
Route #126: 276 1332 234 257 1583 1446 2 1392 214 82
Route #127: 135 699 917 878 565 248 25 557 1440 744
Route #128: 97 1430 237 773 1117 1144 915 103 1251 765
Route #129: 292 821 501 323 1406 1008 857 1109 471 313
Route #130: 489 1520 1289 87 20 602 1227 762 834 780
Route #131: 1425 110 1253 1217 451 1560 705 52 528 1057
Route #132: 601 132 702 191 346 91 1438 1550 982 410
Route #133: 1230 1081 158 369 1443 897 1432 1370 314 1412
Route #134: 865 78 95 415 1377 31 1416 808 930 124
Route #135: 1330 656 1 736 835 1386 278 1154 1168 716
Route #136: 1268 325 1519 1073 1299 1492 1528 1044 377 901
Route #137: 1462 1523 126 372 1140 1420 810 1210 499 1545
Route #138: 904 1093 793 201 1153 996 850 1353 1551 1056
Route #139: 217 1133 1010 887 166 628 1006 232 970 992
Route #140: 987 1368 285 682 889 1088 872 891 922 406
Route #141: 225 1052 911 1463 1203 355 768 1529 954 495
Route #142: 844 1576 848 1505 1254 1540 430 550 426 185
Route #143: 177 1389 1326 592 1142 102 218 518 1460 496
Route #144: 1130 1538 1350 1365 1151 999 544 943 84 1591
Route #145: 385 90 79 558 611 1534 162 829 71 1190
Route #146: 1281 1049 556 1111 180 859 975 1428 287 189
Route #147: 435 1521 789 655 516 913 1535 412 1076 906
Route #148: 686 671 1225 719 54 312 658 1170 1575 73
Route #149: 1119 1127 522 472 488 1110 1159 645 459 350
Route #150: 414 733 389 766 354 1288 261 283 1448 475
Route #151: 206 1321 1595 398 1304 632 1352 1375 1379 1374
Route #152: 1276 200 208 1143 534 240 404 1106 1409 1581
Route #153: 407 99 1559 345 903 15 178 745 965 85
Route #154: 1356 1434 938 111 1068 1549 1036 1556 465 1074
Route #155: 1283 353 1180 1218 28 294 155 664 630 317
Route #156: 334 152 1341 764 1574 691 227 983 486 1015
Route #157: 1502 458 1290 1092 1240 1200 1219 748 203 1584
Route #158: 798 35 1064 1171 963 1237 13 759 1447 1063
Route #159: 1385 581 1382 1585 991 972 809 1059 291 853
Route #160: 521 718 402 944 650 709 370 416 446 246
