--- BÁO CÁO KẾT QUẢ ACVRP ---
Thời điểm chạy: 2026-03-11 14:19:22
Cấu hình: {
  "paths": {
    "distance_matrix": "../Data/orsm_matrix.csv",
    "output_dir": "results",
    "result_file": "pyvrp_result.txt"
  },
  "model_parameters": {
    "scaling_factor": 100,
    "num_points": 1600
  },
  "constraints": {
    "max_vehicles": 200,
    "vehicle_capacity": 10
  },
  "solver_parameters": {
    "time_limit_seconds": 180,
    "display_log": true
  }
}
--------------------------------
Tổng quãng đường: 698.63 km
Số xe thực tế sử dụng: 161
Thời gian tính toán: 183.08 giây

Chi tiết các tuyến đường:
Route #1: 1287 542 484 1461 669 198 454 1345 816 1324
Route #2: 1302 732 1009 559 578 1323 320 1473 424 305
Route #3: 1462 1523 372 1283 353 162 829 71 385 430
Route #4: 938 1068 317 465 1074 1420 810 1210 1008 1250
Route #5: 990 933 927 693 1126 5 485 215 530 590
Route #6: 557 25 489 1520 325 1519 835 1044 1154 1336
Route #7: 501 323 1406 1545 499 857 1067 1109 471 313
Route #8: 744 762 834 780 1440 248 1039 258 616 187
Route #9: 511 852 649 1512 1562 209 422 431 199 1517
Route #10: 588 1281 1049 180 287 1428 177 1389 1326 592
Route #11: 873 1062 1572 660 752 490 1051 284 447 1194
Route #12: 607 993 1094 397 961 1120 1030 1146 479 820
Route #13: 645 1321 206 1595 398 1352 350 528 1057 1488
Route #14: 412 435 1535 913 859 516 655 789 414 906
Route #15: 1382 1585 972 809 370 416 446 246 1237 853
Route #16: 575 340 1075 772 894 100 212 925 298 96
Route #17: 1289 87 865 312 658 1170 1575 73 78 602
Route #18: 883 750 64 1533 1229 1098 1087 1079 480
Route #19: 958 128 509 92 1469 408 1362 1524 1507 1554
Route #20: 364 497 683 1485 1213 1445 463 953 1310 303
Route #21: 482 1041 1433 706 1158 77 436 813 1148 941
Route #22: 194 118 907 890 366 319 51 301 805 1105
Route #23: 1411 770 1544 30 1499 273 1046 1206 4 60
Route #24: 193 1047 156 1338 439 1484 1270 61 749 455
Route #25: 955 1470 1183 470 1198 895 347 129 1557 695
Route #26: 670 268 1173 864 1275 1118 898 288 1482
Route #27: 453 777 18 1122 1407 830 563 626 440 708
Route #28: 995 1343 1388 946 418 916 508 65 1599 787
Route #29: 806 532 236 571 250 311 662 1162 1339 125
Route #30: 1115 1212 506 1137 374 659 703 1316 120 476
Route #31: 1414 1508 840 36 797 371 969 964 169 179
Route #32: 1465 375 234 1583 1446 1034 1163 551 351 72
Route #33: 1167 743 833 1399 1351 1019 1580 1139 1571 413
Route #34: 239 170 591 1029 730 438 724 1475 574 1364
Route #35: 1267 1573 784 137 45 1020 1531 893 1346 362
Route #36: 812 1518 1209 1097 89 1035 1335 468 1495 1494
Route #37: 838 400 126 1190 132 191 737 923 297 86
Route #38: 1223 427 39 1328 566 330 526 754 1312
Route #39: 904 1093 793 1353 1528 1056 1551 850 426 185
Route #40: 1308 141 1491 322 10 1369 722 631 639 76
Route #41: 290 1439 1108 832 1211 615 1248 673 1083 879
Route #42: 1514 712 1579 1273 1055 714 1297 637 467 1004
Route #43: 1114 1082 585 804 112 23 1012 1331 182 882
Route #44: 223 12 505 361 867 811 880 570 133 962
Route #45: 1381 43 555 824 153 1085 792 545 583 1593
Route #46: 920 851 948 1468 82 214 2 1392 292 821
Route #47: 1586 403 774 1001 665 265 149 33 896 356
Route #48: 1222 1195 1220 1429 444 1300 1361 281 863 1026
Route #49: 1227 844 1576 848 1254 550 736 1386 278 716
Route #50: 1410 598 699 917 878 565 135 358 697 909
Route #51: 746 513 597 256 668 667 976 1070 825 190
Route #52: 608 556 1111 975 189 158 897 369 1443 388
Route #53: 773 1117 1144 1251 765 1563 624 717 1172 1589
Route #54: 686 1180 558 1218 1502 664 155 630 28 294
Route #55: 327 1155 836 1080 711 902 1017 266 16 1071
Route #56: 201 671 719 748 203 1584 20 95 415 1377
Route #57: 346 91 1438 1550 410 861 674 885 492 1404
Route #58: 1463 1529 954 495 1330 1073 1299 1492 1 1168
Route #59: 950 568 800 1125 1065 210 8 1274 952 1202
Route #60: 802 1054 594 1503 753 808 930 124 587 395
Route #61: 685 751 596 1319 343 1561 715 775 876 1452
Route #62: 1081 1448 1288 354 261 283 1142 1432 314 1370
Route #63: 1332 257 987 1368 285 682 889 694 1354 914
Route #64: 967 218 102 1088 1460 496 518 891 922 406
Route #65: 1228 1421 145 1186 1307 562 1342 276 613 837
Route #66: 1536 6 11 310 1451 951 560 771 1177 756
Route #67: 1320 1226 80 727 55 739 569 676 1526 554
Route #68: 1141 108 687 175 1555 1594 1349 1481 731 1207
Route #69: 539 249 1196 684 870 862 26 428 384 1466
Route #70: 601 996 1153 458 1290 1092 611 90 1505 1540
Route #71: 1119 1127 522 472 488 1110 1159 459 1560 52
Route #72: 1181 449 1241 373 1014 606 531 576 1334 1156
Route #73: 1123 494 1397 937 1480 165 1176 1136 254 877
Route #74: 451 999 544 1365 208 1143 534 404 1304 632
Route #75: 1032 186 1422 1387 1444 1564 517 1436 450 1598
Route #76: 1415 1066 1235 134 546 302 401 282 974 491
Route #77: 1076 1521 227 691 486 983 1341 1574 764 1063
Route #78: 1230 903 15 1015 334 152 345 178 1559 475
Route #79: 759 963 13 991 1059 718 1106 1379 1374 1431
Route #80: 1102 226 423 174 204 1569 642 629 1145 815
Route #81: 1006 1276 970 200 1151 1350 705 992 931 1134
Route #82: 1095 1013 1376 1050 738 437 1537 1152 1372 167
Route #83: 365 1314 1188 57 1522 536 154 871 441 929
Route #84: 461 425 1347 131 222 235 801 527 1214 823
Route #85: 540 579 17 277 881 1479 101 828 21 1011
Route #86: 41 997 1450 710 255 339 1077 1234 34 648
Route #87: 643 977 1590 130 1306 1239 1185 529 831 641
Route #88: 584 549 1245 253 956 843 1269 875 1486 1238
Route #89: 37 286 1476 1104 678 1187 912 360 168 1042
Route #90: 113 274 1178 1231 610 839 53 512 121 409
Route #91: 1266 761 344 93 296 378 49 1249 357 469
Route #92: 1413 928 279 919 280 308 689 231 924 567
Route #93: 363 1025 1363 452 1449 1099 9 105 1553 1313
Route #94: 307 98 328 1527 498 335 1216 481 74 1150
Route #95: 769 1175 1084 935 599 892 1566 690 1160 309
Route #96: 646 541 726 1318 884 1327 782 582 600 940
Route #97: 434 827 755 352 663 1090 142 932 159 1199
Route #98: 1442 260 1358 507 1477 40 564 1489 324 1500
Route #99: 247 493 460 500 1043 144 998 1483 672 1487
Route #100: 1018 1058 1252 1208 845 1033 652 1457 241 747
Route #101: 1497 38 1296 1166 776 211 321 1596 1359 183
Route #102: 538 27 1279 411 116 1340 1164 315 192 1587
Route #103: 44 1567 349 267 1259 66 1286 393 847 1294
Route #104: 786 1086 618 502 989 783 421 651 763 1257
Route #105: 702 1534 79 1240 1200 1225 1219 54 31 1416
Route #106: 147 869 478 115 1131 140 868 1192 855 318
Route #107: 1525 978 19 791 899 960 688 790 417 1303
Route #108: 464 728 230 614 83 1243 666 1543 1002 379
Route #109: 1140 1356 1434 111 1549 1036 1556 982 572 419
Route #110: 1130 1538 1425 110 1253 1217 887 1357 1547 1467
Route #111: 275 1329 580 1565 1000 332 172 1402 1224 701
Route #112: 826 233 259 661
Route #113: 627 973 244 457 205 900 242 503 63 1509
Route #114: 225 1052 911 1203 355 768 1268 656 901 377
Route #115: 348 445 202 59 654 1246 741 735 537 420
Route #116: 675 1395 1113 589 1391 760 533 386 1072 1315
Route #117: 1516 1558 1355 734 1244 1597 788 796 986 466
Route #118: 1578 151 803 184 634 50 679 1305 680 841
Route #119: 980 1124 224 971 1380 1293 1024 81 1424 139
Route #120: 1400 448 1367 429 757 985 251 947 1393 936
Route #121: 636 1490 263 1107 1437 243 1478 586 173 1390
Route #122: 217 1133 515 1401 943 84 1591 1280 432 781
Route #123: 1568 700 860 219 1493 795 622 94 874 1417
Route #124: 548 822 1182 779 333 14 623 968 382 127
Route #125: 1103 150 849 216 1541 1459 1458 888 966 1592
Route #126: 70 97 1430 237 915 103 1371 1348 1232 1396
Route #127: 846 24 858 1040 1264 1261 1403 1179 157 1236
Route #128: 35 1064 1171 650 709 944 402 798 1447 291
Route #129: 905 524 1089 221 1147 42 295 723 1277 1588
Route #130: 1412 733 85 965 745 99 407 766 389 872
Route #131: 523 1539 1333 1506 1197 609 1128 1453 1132 29
Route #132: 640 1419 197 577 819 289 1408 620 1204
Route #133: 1271 1242 1504 1022 1262 698 612 316 547 1135
Route #134: 1498 394 725 474 148 387 1037 1201 1016 720
Route #135: 1010 166 628 232 240 1385 581 1409 1581 1375
Route #136: 1161 1023 1471 392 207 1344 1255 1577 1053 1552
Route #137: 729 138 1373 1570 1116 535 3 1532 1165 1215
Route #138: 692 647 477 376 525 383 945 1169 1027 1301
Route #139: 1435 1530 304 553 504 48 293 1096 984 264
Route #140: 1247 959 88 758 1258 625 75 1045 1548
Route #141: 107 1295 306 552 390 181 942 143 32 109
Route #142: 338 1101 595 136 638 794 123 456 269 220
Route #143: 635 910 1298 443 462 1112 1311 1384 1157 621
Route #144: 521 405 842 1511 380 1174 106 1474 1337 514
Route #145: 329 520 603 1003 1496 1078 473 119 1285 271
Route #146: 1007 1191 1317 396 1418 1472 62 326 262 1069
Route #147: 341 866 1021 337 122 1582 1394 1278 713 1149
Route #148: 367 799 1265 146 46 1454 519 69 1383 619
Route #149: 721 433 681 359 1272 228 1005 573 1464 767
Route #150: 160 778 213 1309 934 604 1378 171 1256 1233
Route #151: 1322 510 856 487 1282 1091 742 644 1426 1129
Route #152: 981 104 342 252 67 1121 957 245 1221 270
Route #153: 164 1184 1398 653 1360 807 1100 543 1405 238
Route #154: 1515 331 949 1325 1031 926 1291 704 195 1284
Route #155: 1260 56 1060 299 988 1455 163 442 785 696
Route #156: 117 1189 1048 1427 908 854 1138 272 114 1456
Route #157: 1263 1423 7 1028 657 1038 336 399 979 300
Route #158: 391 561 47 818 605 814 617 1193 1205 1510
Route #159: 196 1292 229 633 1501 368 921 1366 58 188
Route #160: 593 1513 1542 68 939 817 176 22 994 1441
Route #161: 886 707 918 1546 740 483 161 1061 677 381
