Tổng quãng đường thực tế: 993.25 km
Số xe sử dụng: 171
Số khách hàng chưa gán: 0
Giá trị Objective cuối cùng: 99325.00

Lộ trình chi tiết:
Route #1: 1515 116 337 403 443 356 1588 1277 1278 238
Route #2: 980 749 1204 1006 534 404 110 705 1055 1467
Route #3: 1040 464 728 148 828 101 1003 520 1417 1207
Route #4: 912 989 1411 221 1147 265 1362 1507 723 62
Route #5: 1060 256 988 293 886 667 976 984 264 721
Route #6: 826 275 905 1329 524 784 45 479 1266 879
Route #7: 399 1228 292 1180 558 1218 1502 430 1197 290
Route #8: 27 949 411 1184 807 1565 1000 332 172 295
Route #9: 1337 1474 1102 104 1569 1339 1145 815 254 1165
Route #10: 802 1170 1575 73 993 739 688 532 69 3
Route #11: 1108 832 1577 1053 530 651 763 1257 553 504
Route #12: 846 24 830 549 1320 80 869 1192 440 1042
Route #13: 559 578 511 649 305 418 65 1126 485 163
Route #14: 877 282 1235 302 143 32 109 247 493
Route #15: 1020 1161 1471 344 743 213 1048 341 1405
Route #16: 1314 866 202 854 122 364 683 34 376 336
Route #17: 1395 1391 1414 956 1518 1097 1101 379 962 1149
Route #18: 538 164 1100 1265 1019 1571 413 500 460 1123
Route #19: 1222 1195 710 608 388 556 389 261 283 1142
Route #20: 1279 653 1440 656 904 1556 465 214 497 303
Route #21: 513 1188 571 250 165 448 819 1328 992 487
Route #22: 1198 591 1557 902 1017 266 16 924 958 1402
Route #23: 997 102 1281 1049 189 588 198 642 125 1303
Route #24: 844 426 185 1154 501 1406 1210 397 5 867
Route #25: 593 629 67 252 494 1162 174 1221 270 365
Route #26: 963 1134 548 510 491 359 1005 573
Route #27: 211 1497 543 502 253 231 438 1274 1475 761
Route #28: 1292 217 1133 1010 39 726 669 444 1512 941
Route #29: 454 967 1088 975 1389 592 1432 1370 922 1361
Route #30: 1415 546 107 429 251 1367 1516 1558 1355 734
Route #31: 1431 1385 1585 291 853 1408 196 18 1407 1214
Route #32: 1305 679 1167 38 321 184 19 841 791 1233
Route #33: 1435 445 1398 117 778 604 790 74 236 937
Route #34: 635 150 849 540 730 243 899 481 311 245
Route #35: 93 49 1470 888 470 129 1029 308 574 880
Route #36: 37 286 1533 320 424 1473 852 1562 1148 288
Route #37: 1116 138 1511 380 405 1598 1272 228 681 433
Route #38: 1086 1075 639 100 12 505 212 298 1275 1118
Route #39: 616 865 312 658 78 1377 1226 961 820 740
Route #40: 1141 1247 151 1525 1166 1296 776 1578 1191 1530
Route #41: 48 1012 279 587 395 1232 323 1545 1465 118
Route #42: 1508 371 964 169 1486 567 925 731 1302 863
Route #43: 190 858 1498 1269 456 794 1016 1482 326 262
Route #44: 1360 1454 755 352 663 1090 142 159 1199 1176
Route #45: 1453 1062 346 810 353 1036 91 1354 1334 1156
Route #46: 991 650 446 246 1297 779 409 113 1479 720
Route #47: 575 340 758 322 631 75 223 823
Route #48: 838 737 601 835 1386 1336 1186 375 837 1241
Route #49: 394 725 53 1285 966 219 622 94 855 1045
Route #50: 1259 393 1293 1380 349 1419 1047 156 640 817
Route #51: 1287 1220 1009 732 492 572 1034 351 255 1077
Route #52: 331 420 98 1527 498 741 1246 654 59 1587
Route #53: 1484 1338 856 1566 935 1084 1175 68 1542 1513
Route #54: 1103 216 1541 1183 347 1125 1065 724 1187 56
Route #55: 108 959 360 618 547 1135 1309 146 1480 619
Route #56: 624 1539 1333 609 284 1549 1044 248 868 811
Route #57: 1127 472 1057 229 58 521 1138 875 1494 638
Route #58: 123 843 797 969 1261 1179 1403 120 316
Route #59: 971 44 450 517 1223 488 1110 1159 398 754
Route #60: 441 675 1597 788 986 668 707 918 1455 677
Route #61: 63 503 205 900 973 627 128 509 244 1046
Route #62: 1115 374 659 703 1146 1599 787 687 362
Route #63: 300 979 1381 43 555 1568 860 1592 1554 183
Route #64: 193 439 1270 61 455 633 981 1522 1150 417
Route #65: 57 204 391 561 1091 628 451 1217 1560 1373
Route #66: 833 437 539 684 862 1239 1306 831 641 1193
Route #67: 309 1393 947 757 985 324 1500 617 1205 1400
Route #68: 1054 499 850 1505 458 1092 1200 1240 203 1168
Route #69: 818 814 563 950 1155 182 711 568 800 570
Route #70: 1308 147 1413 23 795 1493 874 1364 554 1260
Route #71: 564 260 1358 1477 40 401 134 769 1501 368
Route #72: 41 1111 766 152 345 1288 1326 542 816 1324
Route #73: 1021 315 1327 782 600 945 1169 940 1423 1313
Route #74: 804 928 919 882 1080 210 8 952 304
Route #75: 579 17 277 610 512 614 1243 666 840 361
Route #76: 994 1322 127 1177 1273 943 1143 632 526 1312
Route #77: 348 367 1427 537 335 328 735 1216 634 746
Route #78: 514 1174 522 645 1567 1449 9 1038 1485 648
Route #79: 1286 66 412 435 1535 516 913 859 1428 287
Route #80: 744 1520 1093 28 630 155 664 71 385 377
Route #81: 1096 1061 793 748 95 31 124 1316 1526 1593
Route #82: 693 1255 478 1085 55 676 569 916 1083 1317
Route #83: 1464 582 383 525 1099 333 14 623 968 382
Route #84: 767 1027 1318 884 1412 158 897 369 891 696
Route #85: 1291 704 195 378 896 408 1249 357 701 713
Route #86: 798 1447 402 944 709 370 416 289 620 1215
Route #87: 1129 644 1514 11 781 1561 715 637 467 1182
Route #88: 327 1331 225 1463 1268 1 736 278 901 1250
Route #89: 908 1340 1164 307 806 680 1378 1136
Route #90: 1189 241 1457 845 1050 1537 1372 167 1315 672
Route #91: 822 751 596 1319 876 775 310 951 685 1441
Route #92: 70 237 773 1117 1144 103 1251 765 545 1548
Route #93: 772 1173 268 590 670 864 898 1069
Route #94: 137 1573 722 625 421
Route #95: 442 785 914 518 431 199 461 425 1347 483
Route #96: 46 934 586 1478 1351 799 1394 1582
Route #97: 1087 1079 1104 678
Route #98: 1382 972 809 1059 718 84 1591 1280 432 1452
Route #99: 168 1491 990 933 1531 1212 1137 508 161
Route #100: 434 827 1058 1013 533 386 1376 932 998 1510
Route #101: 1458 473 1496 1231 274 1178 121 36 1238
Route #102: 995 612 1262 1343 1022 1504 1390 171 1256
Route #103: 1594 727 1348 1067 313 1008 857 890 194 319
Route #104: 786 698 140 1245 803 978 960 1383 154 871
Route #105: 1410 358 135 878 917 699 565 607 893 1396
Route #106: 955 239 170 895 133 883 64 1229 1476
Route #107: 576 606 1014 218 314 805 1105 1310 953 463
Route #108: 215 673 1201 1037 21 153 1051 490 1572 366
Route #109: 342 1325 1031 926 1284
Route #110: 1487 1113 589 1399 519
Route #111: 22 1426 208 581 1409 1304 1375 350 566 1488
Route #112: 729 427 52 528 330 6 1451 771 750 1098
Route #113: 1429 1450 407 99 903 15 486 983 354 1081
Route #114: 453 777 626 851 276 613 234 1583 1446 551
Route #115: 907 1194 1323 339 531 449 209 422 281 1517
Route #116: 1066 936 47 1580 1139 1543 1002 269
Route #117: 1307 1434 1074 1420 1140 126 1190 400 752 86
Route #118: 1244 796 747 466 1264 157 1122 1236 783
Route #119: 160 760 1018 1095 1252 1208 1043 929
Route #120: 1321 1064 1171 759 35 1237 13 1253 742 176
Route #121: 88 598 258 1128 436 813 447 801 527 1481
Route #122: 363 906 655 1076 180 177 373 836 280 695
Route #123: 535 847 267 1460 496 872 406 1345 484 1026
Route #124: 1258 1242 506 1131 115 834 1132 29 1589 301
Route #125: 812 1209 89 1035 338 1335 595 468 136 1495
Route #126: 580 1112 1311 1157
Route #127: 1082 1114 585 1094 1030 1120 583 76
Route #128: 1489 643 130 1185 529
Route #129: 297 191 1353 996 550 1503 753 96 173 50
Route #130: 106 1119 206 1595 459 1379 1130 887 1536 939
Route #131: 507 1295 306 552 181 390 942 1388 946 1552
Route #132: 1397 226 423 1121
Route #133: 1483 1072 652 1033 738 1152 1196 249 870 144
Route #134: 1298 774 770 1544 273 1206 665 1469 149 33
Route #135: 1553 105 692 7 1028 657 477 1213 1445 1263
Route #136: 557 1289 1227 90 1225 1219 1584 415 1416 708
Route #137: 230 83 839 329 603 1078 119 1459 271 179
Route #138: 689 1202 469
Route #139: 927 1248 615 1211 222 1346
Route #140: 1267 1271 111 372 1534 1290 848 1254 1506 51
Route #141: 396 1472 272 1456 114 1418 1546 1070 825 381
Route #142: 690 197 232 1276 1350 1538 1425 714 560 756
Route #143: 873 1039 489 915 1052 768 1529 112 700 220
Route #144: 10 1369 792 808 930 1551 162 201 719 54
Route #145: 661 259
Route #146: 72 1163 764 1574 1015 178 1559 965 733 1300
Route #147: 892 166 970 544 240 1106 1581 1352 1374 974
Route #148: 523 1356 938 1068 1550 885 419 1041 1433 233
Route #149: 1004 712 1579 1365 200 1151 999 1357 1547 599
Route #150: 1442 977 1590 26 428 384 1466 536
Route #151: 1007 636 1490 263 1107 1437 662
Route #152: 1436 1564 1387 1444 1422 186 1032 139 842 188
Route #153: 1160 515 1401 931 343 577 1282 605 957 1532
Route #154: 923 132 702 1056 1528 1109 471 97 1430 476
Route #155: 1468 82 1392 2 1438 982 410 889 1443 1234
Route #156: 920 948 861 674 821 660 77 187 1439 318
Route #157: 1025 646 541 1461 1181 1283 829 1153 594 131
Route #158: 1344 207 1023 392 235 480 597
Route #159: 141 1203 1299 716 1371 881 1011 387 474 1071
Route #160: 1586 457 242 1509 1001 30 1499 4 60 621
Route #161: 296 1089 92 1524 42 1224
Route #162: 894 911 954 495 87 20 602 1519 325 1492
Route #163: 299 910 462 1384 192
Route #164: 1424 1294 414 789 1521 227 691 85 1448 1230
Route #165: 584 824 355 25 780 762 1563 717 909 1172
Route #166: 562 1342 1404 482 706 1158
Route #167: 697 1330 1073 686 317 1063 1341 334 745 475
Route #168: 1301 647 1363 452 224 1024 81 921
Route #169: 1332 257 987 1368 285 682 694 1462 671 1576
Route #170: 1570 1366 1124 1421 145 1523 294 611 79 1540
Route #171: 1349 1555 175 1596 1359
